0 0
122 10000000
27 10000001
157 10000010
11 10000011
131 100001000
216 100001001
218 100001010
205 10000101100
149 10000101101
34 1000010111
161 1000011
191 1000100
155 10001010
67 10001011
65 1000110
115 1000111
167 1001000
48 1001001000
143 1001001001
100 100100101
154 10010011
192 1001010
140 10010110
203 10010111
162 10011000
98 10011001
195 10011010
141 100110110
211 100110111
165 10011100
55 10011101
194 1001111000
134 1001111001
86 100111101
44 10011111
169 10100000
133 101000010
25 101000011
153 1010001
182 1010010
178 10100110
177 10100111
147 10101000
57 10101001
136 1010101
138 1010110
183 1010111
204 10110000000
158 10110000001
50 10110000010
206 1011000001100
13 1011000001101
180 101100000111
42 101100001
49 10110001
188 10110010
142 10110011
62 1011010
94 10110110
71 10110111
117 10111000
3 101110010
5 101110011
101 1011101
199 1011110
85 10111110
137 10111111
159 1100000
96 1100001000
32 1100001001
193 1100001010
214 1100001011
88 11000011
171 1100010
107 11000110
97 11000111
47 1100100
64 11001010
179 110010110
196 11001011100
220 11001011101
59 1100101111
40 1100110
95 110011100
185 110011101
77 11001111
132 110100000
21 1101000010
2 1101000011
113 110100010
52 110100011
207 1101001
120 1101010
79 11010110
20 1101011100
125 110101110100
38 110101110101
46 11010111011
105 110101111
175 1101100
80 11011010
187 11011011
146 11011100
74 1101110100
201 1101110101
93 110111011
39 11011110
82 11011111
73 11100000
173 111000010
126 111000011
144 11100010
26 11100011
112 1110010
15 11100110000
111 11100110001
239 1110011001
84 111001101
151 11100111
130 11101000
7 111010010
6 111010011
70 11101010
128 11101011
129 11101100
23 1110110100
109 1110110101
103 111011011
124 11101110
227 1110111100
56 1110111101
31 111011111000
189 111011111001
198 11101111101
29 11101111110
16 11101111111
92 11110000
53 11110001
8 11110010
87 1111001100
24 1111001101
36 111100111
30 111101000
208 111101001
200 11110101
68 11110110
148 11110111
63 111110000
108 1111100010
145 1111100011
90 11111001
104 11111010
37 111110110
99 111110111
223 111111000
121 111111001
81 11111101
163 11111110
210 1111111100
114 11111111010
10 11111111011
215 111111111
