163
0
8
7
11
39
40
47
62
56
65
71
79
85
80
92
88
84
77
46
3
21
29
36
53
67
82
101
97
99
93
16
37
49
73
68
70
81
105
112
115
122
107
103
98
104
100
6
23
90
111
124
96
24
26
55
121
129
120
94
86
114
13
27
44
64
74
138
140
130
126
132
142
146
125
117
2
5
59
108
148
153
137
133
42
50
63
151
145
157
154
25
57
52
155
161
144
149
10
15
20
143
87
159
163
167
136
95
128
109
131
169
171
175
165
141
162
147
178
185
183
182
177
173
48
38
34
30
32
134
191
187
192
179
195
199
198
180
113
188
194
31
158
200
203
193
207
211
210
208
205
218
215
214
223
227
196
216
220
239
201
204
189
206
0.458633
0.00567627
0.00256348
0.00311279
0.00480652
0.00836182
0.00814819
0.00770569
0.00138855
0.00650024
0.00387573
0.00454712
0.00393677
0.00465393
0.00556946
0.00402832
0.00254822
0.0043335
0.000595093
0.00192261
0.00106812
0.000701904
0.00283813
0.00564575
0.00325012
0.00480652
0.00779724
0.00408936
0.00300598
0.00239563
0.000701904
0.00296021
0.00375366
0.00485229
0.00579834
0.00518799
0.00604248
0.00230408
0.0101624
0.00653076
0.00306702
0.00402832
0.00273132
0.00337219
0.00592041
0.00169373
0.00260925
0.00131226
0.00585938
0.00062561
0.00547791
0.000991821
0.00141907
0.00495911
0.00346375
0.00302124
0.00535583
0.00914001
0.00384521
0.0017395
0.000762939
0.000106812
0.00308228
0.00358582
0.00410461
0.00117493
0.00744629
0.00334167
0.00517273
0.00248718
0.00218201
0.00382996
0.00473022
0.000274658
0.00389099
0.00111389
0.00198364
0.00105286
0.00144958
0.00582886
0.00724792
0.00398254
0.00180054
0.00187683
0.000473022
0.00289917
0.00512695
0.0014801
0.00308228
0.00334167
0.00180054
0.00370789
0.00227356
0.00323486
0.00636292
0.00495911
0.000396729
0.000778198
0.000595093
0.00114441
0.000823975
0.00141907
0.00794983
0.00605774
0.00663757
0.00744629
0.00210571
0.00531006
0.00131226
0.0015564
0.00360107
0.00808716
0.00923157
0.00344849
0.00170898
0.00335693
0.00369263
0.00363159
0.00213623
0.00746155
0.00724792
0.00369263
0.00247192
0.000808716
0.000289917
0.000793457
0.00285339
0.00100708
0.00088501
0.00640869
0.00468445
0.00669861
0.00205994
0.00337219
0.0078125
0.000701904
0.000274658
0.00221252
0.00378418
0.000854492
0.000305176
0.000457764
0.0057373
0.00335693
0.00100708
0.00909424
0.0017395
0.00149536
0.00286865
0.000396729
0.00157166
0.00306702
0.00102234
0.00302124
0.00134277
0.000518799
0.00157166
0.000518799
0.001297
0.00120544
0.000427246
0.00038147
0.000106812
